{
  "joint_config": {
    "L_index_intermediate_joint": -0.7850000262260437,
    "L_index_proximal_joint": -0.7850000262260437,
    "L_middle_intermediate_joint": -0.2835518419742584,
    "L_middle_proximal_joint": -0.7850000262260437,
    "L_pinky_intermediate_joint": -0.0296571534126997,
    "L_pinky_proximal_joint": -0.8181012868881226,
    "L_ring_intermediate_joint": 0.23900456726551056,
    "L_ring_proximal_joint": -0.1420760154724121,
    "L_thumb_distal_joint": -0.7850000262260437,
    "L_thumb_proximal_pitch_joint": 0.6100000143051147,
    "L_thumb_proximal_yaw_joint": -0.8700000047683716,
    "R_index_proximal_joint": 0.0,
    "R_thumb_distal_joint": 0.0,
    "R_thumb_proximal_pitch_joint": 0.0,
    "R_thumb_proximal_yaw_joint": -0.7850000262260437,
    "left_ankle_pitch_joint": 0.0,
    "left_ankle_roll_joint": 0.0,
    "left_elbow_pitch_joint": -0.05550970882177353,
    "left_hip_pitch_joint": 0.0,
    "left_hip_roll_joint": 0.35000000000000003,
    "left_hip_yaw_joint": 0.0,
    "left_knee_pitch_joint": 0.9149999999999999,
    "left_shoulder_pitch_joint": -0.22869931161403656,
    "left_shoulder_roll_joint": -0.051118332892656326,
    "left_shoulder_yaw_joint": 0.15366750955581665,
    "left_wrist_pitch_joint": -0.410096675157547,
    "left_wrist_roll_joint": -0.12965863943099976,
    "left_wrist_yaw_joint": 0.18080778419971466,
    "right_ankle_pitch_joint": 0.0,
    "right_ankle_roll_joint": 0.0,
    "right_elbow_pitch_joint": 0.6100000143051147,
    "right_hip_pitch_joint": 0.0,
    "right_hip_roll_joint": -0.35000000000000003,
    "right_hip_yaw_joint": 0.0,
    "right_knee_pitch_joint": 0.9149999999999999,
    "right_shoulder_pitch_joint": -0.12326992303133011,
    "right_shoulder_roll_joint": -0.6101216077804565,
    "right_shoulder_yaw_joint": -0.8700000047683716,
    "right_wrist_pitch_joint": -0.7850000262260437,
    "right_wrist_roll_joint": -0.7850000262260437,
    "right_wrist_yaw_joint": -0.7850000262260437,
    "waist_pitch_joint": -0.25363191962242126,
    "waist_roll_joint": 0.29611915349960327,
    "waist_yaw_joint": -0.19101740419864655
  },
  "timestamp": 1754223203.229779
}